HCI sniffer - Bluetooth packet analyzer ver 2.0
device: hci0 snap_len: 1028 filter: 0xffffffff
> 04 0E 04 01 24 0C 00 
< 01 1A 0C 01 03 
> 04 0E 04 01 1A 0C 00 
< 01 19 0C 00 
> 04 0E 05 01 19 0C 00 03 
> 04 04 0A 64 33 53 00 25 00 0C 01 38 01 
< 01 09 04 07 64 33 53 00 25 00 00 
> 04 0F 04 00 01 09 04 
> 04 12 08 00 64 33 53 00 25 00 00 
> 04 1B 03 0B 00 05 
> 04 03 0B 00 0B 00 64 33 53 00 25 00 01 00 
< 01 1B 04 02 0B 00 
> 04 0F 04 00 01 1B 04 
> 04 0B 0B 00 0B 00 FF FF 8F FE 9B FF 79 83 
< 01 1C 04 03 0B 00 01 
> 04 0F 04 00 01 1C 04 
> 04 23 0D 00 0B 00 01 01 01 00 00 00 00 00 00 00 
> 02 0B 20 0C 00 08 00 01 00 02 01 04 00 01 00 40 00 
< 02 0B 20 10 00 0C 00 01 00 03 01 08 00 40 00 40 00 01 00 00 
  00 
< 02 0B 20 0A 00 06 00 01 00 0A 01 02 00 02 00 
> 02 0B 20 10 00 0C 00 01 00 0B 01 08 00 02 00 00 00 00 00 00 
  00 
< 02 0B 20 10 00 0C 00 01 00 03 01 08 00 40 00 40 00 00 00 00 
  00 
< 02 0B 20 0C 00 08 00 01 00 04 02 04 00 40 00 00 00 
> 04 13 05 01 0B 00 02 00 
> 04 13 05 01 0B 00 02 00 
> 02 0B 20 10 00 0C 00 01 00 04 05 08 00 40 00 00 00 01 02 FF 
  FF 
< 02 0B 20 12 00 0E 00 01 00 05 05 0A 00 40 00 00 00 00 00 01 
  02 FF FF 
> 02 0B 20 0E 00 0A 00 01 00 05 02 06 00 40 00 00 00 00 00 
> 02 0B 20 18 00 14 00 40 00 06 00 00 00 0F 35 03 19 11 15 FF 
  FF 35 05 0A 00 00 FF FF 00 
< 02 0B 20 0E 00 0A 00 40 00 07 00 00 00 05 00 02 35 00 00 
> 04 13 05 01 0B 00 02 00 
> 02 0B 20 18 00 14 00 40 00 06 00 01 00 0F 35 03 19 11 16 FF 
  FF 35 05 0A 00 00 FF FF 00 
< 02 0B 20 0E 00 0A 00 40 00 07 00 01 00 05 00 02 35 00 00 
> 02 0B 20 18 00 14 00 40 00 06 00 02 00 0F 35 03 19 11 17 FF 
  FF 35 05 0A 00 00 FF FF 00 
< 02 0B 20 0E 00 0A 00 40 00 07 00 02 00 05 00 02 35 00 00 
> 04 13 05 01 0B 00 02 00 
> 02 0B 20 18 00 14 00 40 00 06 00 03 00 0F 35 03 19 12 00 FF 
  FF 35 05 0A 00 00 FF FF 00 
< 02 0B 20 0E 00 0A 00 40 00 07 00 03 00 05 00 02 35 00 00 
> 02 0B 20 18 00 14 00 40 00 06 00 04 00 0F 35 03 19 11 03 FF 
  FF 35 05 0A 00 00 FF FF 00 
< 02 0B 20 0E 00 0A 00 40 00 07 00 04 00 05 00 02 35 00 00 
> 04 13 05 01 0B 00 02 00 
> 02 0B 20 18 00 14 00 40 00 06 00 05 00 0F 35 03 19 11 04 FF 
  FF 35 05 0A 00 00 FF FF 00 
< 02 0B 20 0E 00 0A 00 40 00 07 00 05 00 05 00 02 35 00 00 
> 02 0B 20 18 00 14 00 40 00 06 00 06 00 0F 35 03 19 11 01 FF 
  FF 35 05 0A 00 00 FF FF 00 
< 02 0B 20 0E 00 0A 00 40 00 07 00 06 00 05 00 02 35 00 00 
> 04 13 05 01 0B 00 02 00 
> 02 0B 20 18 00 14 00 40 00 06 00 07 00 0F 35 03 19 11 05 FF 
  FF 35 05 0A 00 00 FF FF 00 
< 02 0B 20 0E 00 0A 00 40 00 07 00 07 00 05 00 02 35 00 00 
> 02 0B 20 18 00 14 00 40 00 06 00 08 00 0F 35 03 19 11 06 FF 
  FF 35 05 0A 00 00 FF FF 00 
< 02 0B 20 0E 00 0A 00 40 00 07 00 08 00 05 00 02 35 00 00 
> 04 13 05 01 0B 00 02 00 
> 02 0B 20 18 00 14 00 40 00 06 00 09 00 0F 35 03 19 11 08 FF 
  FF 35 05 0A 00 00 FF FF 00 
< 02 0B 20 63 00 5F 00 40 00 07 00 09 00 5A 00 57 35 55 35 53 
  09 00 00 0A 00 01 00 00 09 00 01 35 06 19 11 12 19 12 03 09 
  00 04 35 0C 35 03 19 01 00 35 05 19 00 03 08 0C 09 00 05 35 
  03 19 10 02 09 00 09 35 08 35 06 19 11 08 09 01 02 09 01 00 
  25 15 48 65 61 64 73 65 74 20 41 75 64 69 6F 20 47 61 74 65 
  77 61 79 00 
> 02 0B 20 18 00 14 00 40 00 06 00 0A 00 0F 35 03 19 11 1E FF 
  FF 35 05 0A 00 00 FF FF 00 
< 02 0B 20 71 00 6D 00 40 00 07 00 0A 00 68 00 65 35 63 35 61 
  09 00 00 0A 00 01 00 01 09 00 01 35 06 19 11 1F 19 12 03 09 
  00 04 35 0C 35 03 19 01 00 35 05 19 00 03 08 0D 09 00 05 35 
  03 19 10 02 09 00 09 35 08 35 06 19 11 1E 09 01 05 09 01 00 
  25 18 48 61 6E 64 73 2D 46 72 65 65 20 41 75 64 69 6F 20 47 
  61 74 65 77 61 79 09 03 01 08 01 09 03 11 09 00 00 00 
> 04 13 05 01 0B 00 02 00 
> 02 0B 20 18 00 14 00 40 00 06 00 0B 00 0F 35 03 19 11 12 FF 
  FF 35 05 0A 00 00 FF FF 00 
< 02 0B 20 63 00 5F 00 40 00 07 00 0B 00 5A 00 57 35 55 35 53 
  09 00 00 0A 00 01 00 00 09 00 01 35 06 19 11 12 19 12 03 09 
  00 04 35 0C 35 03 19 01 00 35 05 19 00 03 08 0C 09 00 05 35 
  03 19 10 02 09 00 09 35 08 35 06 19 11 08 09 01 02 09 01 00 
  25 15 48 65 61 64 73 65 74 20 41 75 64 69 6F 20 47 61 74 65 
  77 61 79 00 
> 02 0B 20 18 00 14 00 40 00 06 00 0C 00 0F 35 03 19 11 1B FF 
  FF 35 05 0A 00 00 FF FF 00 
< 02 0B 20 0E 00 0A 00 40 00 07 00 0C 00 05 00 02 35 00 00 
> 04 13 05 01 0B 00 02 00 
> 02 0B 20 18 00 14 00 40 00 06 00 0D 00 0F 35 03 19 11 1A FF 
  FF 35 05 0A 00 00 FF FF 00 
< 02 0B 20 0E 00 0A 00 40 00 07 00 0D 00 05 00 02 35 00 00 
> 02 0B 20 18 00 14 00 40 00 06 00 0E 00 0F 35 03 19 11 0B FF 
  FF 35 05 0A 00 00 FF FF 00 
< 02 0B 20 0E 00 0A 00 40 00 07 00 0E 00 05 00 02 35 00 00 
> 04 13 05 01 0B 00 02 00 
> 02 0B 20 18 00 14 00 40 00 06 00 0F 00 0F 35 03 19 11 0A FF 
  FF 35 05 0A 00 00 FF FF 00 
< 02 0B 20 0E 00 0A 00 40 00 07 00 0F 00 05 00 02 35 00 00 
> 02 0B 20 18 00 14 00 40 00 06 00 10 00 0F 35 03 19 11 0E FF 
  FF 35 05 0A 00 00 FF FF 00 
< 02 0B 20 AC 00 A8 00 40 00 07 00 10 00 A3 00 A0 35 9E 35 4D 
  09 00 00 0A 00 01 00 02 09 00 01 35 03 19 11 0C 09 00 04 35 
  10 35 06 19 01 00 09 00 17 35 06 19 00 17 09 01 03 09 00 05 
  35 03 19 10 02 09 00 09 35 08 35 06 19 11 0E 09 01 03 09 01 
  00 25 08 41 56 52 43 50 20 54 47 09 03 11 09 00 0F 35 4D 09 
  00 00 0A 00 01 00 03 09 00 01 35 03 19 11 0E 09 00 04 35 10 
  35 06 19 01 00 09 00 17 35 06 19 00 17 09 01 03 09 00 05 35 
  03 19 10 02 09 00 09 35 08 35 06 19 11 0E 09 01 00 09 01 00 
  25 08 41 56 52 43 50 20 43 54 09 03 11 09 00 0F 00 
> 04 13 05 01 0B 00 02 00 
> 02 0B 20 18 00 14 00 40 00 06 00 11 00 0F 35 03 19 11 24 FF 
  FF 35 05 0A 00 00 FF FF 00 
< 02 0B 20 60 01 5C 01 40 00 07 00 11 01 57 01 54 36 01 51 36 
  01 4E 09 00 00 0A 00 01 00 04 09 00 01 35 03 19 11 24 09 00 
  04 35 0D 35 06 19 01 00 09 00 11 35 03 19 00 11 09 00 05 35 
  03 19 10 02 09 00 06 35 09 09 65 6E 09 00 6A 09 01 00 09 00 
  09 35 08 35 06 19 11 24 09 01 00 09 00 0D 35 0F 35 0D 35 06 
  19 01 00 09 00 13 35 03 19 00 11 09 01 00 25 0C 48 49 44 20 
  4B 65 79 62 6F 61 72 64 09 02 00 09 01 00 09 02 01 09 01 11 
  09 02 02 09 00 40 09 02 03 09 00 0D 09 02 04 09 00 01 09 02 
  05 09 00 01 09 02 06 35 8A 35 88 08 22 25 84 05 01 09 06 A1 
  01 85 01 05 07 19 E0 29 E7 15 00 25 01 75 01 95 08 81 02 95 
  01 75 08 81 01 95 05 75 01 05 08 19 01 29 05 91 02 95 01 75 
  03 91 01 95 06 75 08 15 00 25 65 05 07 19 00 29 65 81 00 C0 
  09 02 A1 01 09 01 A1 00 85 02 05 09 19 01 29 05 15 00 25 01 
  95 05 75 01 81 02 95 01 75 03 81 01 05 01 09 30 09 31 09 38 
  15 81 25 7F 75 08 95 03 81 06 05 0C 0A 38 02 15 81 25 7F 75 
  08 95 01 81 06 C0 C0 09 02 07 35 08 35 06 09 04 09 09 01 00 
  09 02 08 09 00 00 09 02 0A 09 00 01 09 02 0B 09 01 00 09 02 
  0C 09 1F 40 09 02 0D 09 00 01 09 02 0E 09 00 01 00 
> 02 0B 20 26 00 22 00 40 00 06 00 12 00 1D 35 11 1C F0 72 2E 
  20 0F 8B 4E 90 8C C2 1B 46 F5 F2 EF E2 FF FF 35 05 0A 00 00 
  FF FF 00 
< 02 0B 20 0E 00 0A 00 40 00 07 00 12 00 05 00 02 35 00 00 
> 04 13 05 01 0B 00 02 00 
> 02 0B 20 18 00 14 00 40 00 06 00 13 00 0F 35 03 19 01 00 FF 
  FF 35 05 0A 00 00 FF FF 00 
< 02 0B 20 B6 02 B2 02 40 00 07 00 13 02 AD 02 AA 36 02 A7 35 
  53 09 00 00 0A 00 01 00 00 09 00 01 35 06 19 11 12 19 12 03 
  09 00 04 35 0C 35 03 19 01 00 35 05 19 00 03 08 0C 09 00 05 
  35 03 19 10 02 09 00 09 35 08 35 06 19 11 08 09 01 02 09 01 
  00 25 15 48 65 61 64 73 65 74 20 41 75 64 69 6F 20 47 61 74 
  65 77 61 79 35 61 09 00 00 0A 00 01 00 01 09 00 01 35 06 19 
  11 1F 19 12 03 09 00 04 35 0C 35 03 19 01 00 35 05 19 00 03 
  08 0D 09 00 05 35 03 19 10 02 09 00 09 35 08 35 06 19 11 1E 
  09 01 05 09 01 00 25 18 48 61 6E 64 73 2D 46 72 65 65 20 41 
  75 64 69 6F 20 47 61 74 65 77 61 79 09 03 01 08 01 09 03 11 
  09 00 00 35 4D 09 00 00 0A 00 01 00 02 09 00 01 35 03 19 11 
  0C 09 00 04 35 10 35 06 19 01 00 09 00 17 35 06 19 00 17 09 
  01 03 09 00 05 35 03 19 10 02 09 00 09 35 08 35 06 19 11 0E 
  09 01 03 09 01 00 25 08 41 56 52 43 50 20 54 47 09 03 11 09 
  00 0F 35 4D 09 00 00 0A 00 01 00 03 09 00 01 35 03 19 11 0E 
  09 00 04 35 10 35 06 19 01 00 09 00 17 35 06 19 00 17 09 01 
  03 09 00 05 35 03 19 10 02 09 00 09 35 08 35 06 19 11 0E 09 
  01 00 09 01 00 25 08 41 56 52 43 50 20 43 54 09 03 11 09 00 
  0F 36 01 4E 09 00 00 0A 00 01 00 04 09 00 01 35 03 19 11 24 
  09 00 04 35 0D 35 06 19 01 00 09 00 11 35 03 19 00 11 09 00 
  05 35 03 19 10 02 09 00 06 35 09 09 65 6E 09 00 6A 09 01 00 
  09 00 09 35 08 35 06 19 11 24 09 01 00 09 00 0D 35 0F 35 0D 
  35 06 19 01 00 09 00 13 35 03 19 00 11 09 01 00 25 0C 48 49 
  44 20 4B 65 79 62 6F 61 72 64 09 02 00 09 01 00 09 02 01 09 
  01 11 09 02 02 09 00 40 09 02 03 09 00 0D 09 02 04 09 00 01 
  09 02 05 09 00 01 09 02 06 35 8A 35 88 08 22 25 84 05 01 09 
  06 A1 01 85 01 05 07 19 E0 29 E7 15 00 25 01 75 01 95 08 81 
  02 95 01 75 08 81 01 95 05 75 01 05 08 19 01 29 05 91 02 95 
  01 75 03 91 01 95 06 75 08 15 00 25 65 05 07 19 00 29 65 81 
  00 C0 09 02 A1 01 09 01 A1 00 85 02 05 09 19 01 29 05 15 00 
  25 01 95 05 75 01 81 02 95 01 75 03 81 01 05 01 09 30 09 31 
  09 38 15 81 25 7F 75 08 95 03 81 06 05 0C 0A 38 02 15 81 25 
  7F 75 08 95 01 81 06 C0 C0 09 02 07 35 08 35 06 09 04 09 09 
  01 00 09 02 08 09 00 00 09 02 0A 09 00 01 09 02 0B 09 01 00 
  09 02 0C 09 1F 40 09 02 0D 09 00 01 09 02 0E 09 00 01 00 
> 02 0B 20 0C 00 08 00 01 00 06 0E 04 00 40 00 40 00 
< 02 0B 20 0C 00 08 00 01 00 07 0E 04 00 40 00 40 00 
> 04 13 05 01 0B 00 02 00 
> 04 05 04 00 0B 00 13 
> 04 04 0A 64 33 53 00 25 00 0C 01 38 01 
< 01 09 04 07 64 33 53 00 25 00 00 
> 04 0F 04 00 01 09 04 
> 04 12 08 00 64 33 53 00 25 00 00 
> 04 1B 03 0B 00 05 
> 04 03 0B 00 0B 00 64 33 53 00 25 00 01 00 
< 01 1B 04 02 0B 00 
> 04 0F 04 00 01 1B 04 
> 04 0B 0B 00 0B 00 FF FF 8F FE 9B FF 79 83 
< 01 1C 04 03 0B 00 01 
> 04 0F 04 00 01 1C 04 
> 04 23 0D 00 0B 00 01 01 01 00 00 00 00 00 00 00 
> 04 32 09 64 33 53 00 25 00 01 00 03 
> 04 31 06 64 33 53 00 25 00 
< 01 2B 04 09 64 33 53 00 25 00 01 00 03 
> 04 0E 0A 01 2B 04 00 64 33 53 00 25 00 
> 04 33 0A 64 33 53 00 25 00 F2 74 0E 00 
< 01 2C 04 06 64 33 53 00 25 00 
> 04 0E 0A 01 2C 04 00 64 33 53 00 25 00 
> 04 36 07 00 64 33 53 00 25 00 
> 04 18 17 64 33 53 00 25 00 AF F6 47 40 97 5E 3F 7A 6E 19 16 
  51 E1 78 97 49 05 
> 04 08 04 00 0B 00 01 
> 02 0B 20 0C 00 08 00 01 00 02 01 04 00 11 00 40 00 
< 02 0B 20 10 00 0C 00 01 00 03 01 08 00 40 00 40 00 01 00 00 
  00 
< 02 0B 20 0A 00 06 00 01 00 0A 01 02 00 02 00 
> 04 13 05 01 0B 00 02 00 
> 02 0B 20 10 00 0C 00 01 00 0B 01 08 00 02 00 00 00 00 00 00 
  00 
< 02 0B 20 10 00 0C 00 01 00 03 01 08 00 40 00 40 00 00 00 00 
  00 
< 02 0B 20 0C 00 08 00 01 00 04 02 04 00 40 00 00 00 
> 04 13 05 01 0B 00 02 00 
> 02 0B 20 10 00 0C 00 01 00 04 05 08 00 40 00 00 00 01 02 FF 
  FF 
< 02 0B 20 12 00 0E 00 01 00 05 05 0A 00 40 00 00 00 00 00 01 
  02 FF FF 
> 02 0B 20 0E 00 0A 00 01 00 05 02 06 00 40 00 00 00 00 00 
> 02 0B 20 0C 00 08 00 01 00 02 0E 04 00 13 00 41 00 
< 02 0B 20 10 00 0C 00 01 00 03 0E 08 00 41 00 41 00 00 00 00 
  00 
< 02 0B 20 0C 00 08 00 01 00 04 03 04 00 41 00 00 00 
> 04 13 05 01 0B 00 02 00 
> 02 0B 20 10 00 0C 00 01 00 04 1D 08 00 41 00 00 00 01 02 FF 
  FF 
< 02 0B 20 12 00 0E 00 01 00 05 1D 0A 00 41 00 00 00 00 00 01 
  02 FF FF 
> 02 0B 20 0E 00 0A 00 01 00 05 03 06 00 41 00 00 00 00 00 
> 04 13 05 01 0B 00 02 00 
> 02 0B 20 05 00 01 00 40 00 71 
< 02 0B 20 05 00 01 00 41 00 00 
> 02 0B 20 06 00 02 00 40 00 90 00 
> 04 13 05 01 0B 00 01 00 
> 02 0B 20 0C 00 08 00 01 00 06 3F 04 00 41 00 41 00 
< 02 0B 20 0C 00 08 00 01 00 07 3F 04 00 41 00 41 00 
< 02 0B 20 0C 00 08 00 01 00 06 04 04 00 40 00 40 00 
> 02 0B 20 0C 00 08 00 01 00 06 40 04 00 40 00 40 00 
< 02 0B 20 0C 00 08 00 01 00 07 40 04 00 40 00 40 00 
> 04 13 05 01 0B 00 02 00 
> 02 0B 20 0C 00 08 00 01 00 07 04 04 00 40 00 40 00 
> 04 13 05 01 0B 00 01 00 
< 01 06 04 03 0B 00 13 
> 04 0F 04 00 01 06 04 
> 04 05 04 00 0B 00 16 
